PACKAGE_USAGE__VERSION_1
com.google.android.carriersetup 0 0 0 1619993046084 0 0 0 0
com.google.android.ext.services 0 1620060351185 0 0 0 0 0 0
com.android.providers.telephony 0 0 0 0 1619993025243 0 1619993025297 0
com.google.android.googlequicksearchbox 0 1620082108572 1619899464309 1620079436081 1620059728903 0 0 0
com.android.providers.calendar 0 0 0 1620079422765 1620079422758 0 0 0
com.android.providers.media 0 1620052054198 0 1620082103195 1620075924556 0 1619993033971 0
com.google.android.onetimeinitializer 0 0 0 1619993043123 0 0 0 0
com.android.wallpapercropper 1604268359067 0 0 0 0 0 0 0
com.android.documentsui 1620001670650 1619892616384 1619892616400 1620052379064 1620052379061 0 0 0
com.android.externalstorage 0 0 0 0 1619998295038 0 0 0
com.whatsapp 1620051731721 1620077167495 1619911434185 1620079436288 1620051737119 0 0 0
com.qualcomm.qti.uceShimService 0 1619993033852 0 1619993043995 0 0 1619993033820 0
com.android.providers.downloads 0 1620070768973 0 1620052379980 1620075924556 0 1620075924659 0
com.android.messaging 1619958692473 1619993038142 0 1619993037929 1619993037927 0 0 0
com.qualcomm.qti.telephonyservice 0 1619993033816 0 1619993043986 0 0 0 0
com.google.android.configupdater 0 1620061767820 0 1620061768106 1620061767817 0 0 0
org.lineageos.lockclock 0 1620082107383 0 1620059732981 0 0 0 0
com.android.defcontainer 0 1620052497292 0 0 0 0 0 0
com.android.vending 1620052478192 1620061204074 1620052485847 1620061168777 1620061167653 0 0 0
org.lineageos.profiles 0 1619993039445 0 1611691559545 0 0 0 0
com.qti.qualcomm.datastatusnotification 0 1619993043855 0 1619993043808 0 0 1619993043810 0
android 1620060351137 1620075834115 0 1619993036185 1619993023162 0 0 0
com.android.contacts 1619958696637 1619958364182 0 1619993037472 1619993037470 0 0 0
com.android.mtp 0 0 0 0 1619998295215 0 0 0
com.android.nfc 0 0 0 1619993038031 1619993032188 0 0 0
com.android.stk 0 1619993038290 0 1619993038256 0 0 1619993038257 0
com.android.launcher3 1619993032441 1619993032445 0 1620052502987 1619993032434 0 0 0
org.codeaurora.ims 0 1619993025776 0 0 0 0 1619993026117 0
org.thoughtcrime.securesms 1620060366939 1620074509995 0 1620074508621 1620074508614 0 0 0
com.android.settings.intelligence 1604268380768 1620059680463 0 0 0 0 0 0
com.android.calendar 1618025325696 1620079436800 0 1620079436650 1620079436645 0 0 0
com.google.android.setupwizard 1619868818893 1620079425503 1619868818866 1619992952077 1620059680653 0 0 0
org.lineageos.setupwizard 1554409259788 0 0 0 0 0 0 0
com.qualcomm.qcrilmsgtunnel 0 1619993025515 0 1619993033802 0 0 0 0
com.android.providers.settings 0 0 0 0 1619993023162 0 1619993025167 0
com.android.printspooler 1620060416792 1620060417520 0 0 0 0 0 0
com.android.webview 0 1620061770017 0 0 1620059683616 0 1620059727941 0
com.android.se 0 1619993032260 0 0 0 0 0 0
com.qualcomm.qti.biometrics.fingerprint.service 0 0 0 1619993043926 0 0 0 0
com.google.android.apps.wellbeing 0 1620032134932 1619993185604 1620082102398 1620075926512 0 0 0
com.android.bips 0 1620060417038 0 0 0 0 0 0
com.qti.dpmserviceapp 0 1619993036228 0 1619993036187 0 0 1619993036188 0
com.google.android.markup 1620060032293 0 0 0 1620060032288 0 0 0
com.android.cellbroadcastreceiver 0 1619993037390 0 1619993037329 1619993118684 0 0 0
com.android.onetimeinitializer 0 0 0 1619993038077 0 0 0 0
com.android.server.telecom 0 1619993025294 0 1620052379217 0 0 1619993025177 0
com.google.android.syncadapters.contacts 0 1620059728524 0 1620059728498 1620052246121 0 0 0
com.android.keychain 0 1620052377884 0 0 0 0 0 0
com.android.chrome 1620082107172 1620082107852 0 1620070789555 1620075333498 0 0 0
com.android.printservice.recommendation 0 1620060417319 0 0 0 0 0 0
com.android.dialer 1620059737683 1620082084713 0 1619993037570 1620082084709 0 0 0
com.android.gallery3d 1620060381423 1620060381561 0 1611691554800 1620060381418 0 0 0
com.google.android.packageinstaller 1620052508852 1619967243912 0 1620052377731 1620052081353 0 0 0
com.google.android.gms 1620059721925 1620082106061 0 1620082106074 1620059682671 0 1620043134385 0
com.google.android.gsf 0 0 0 1620059733333 1620068133209 0 0 0
com.google.android.tts 0 1620001540433 0 1620059729332 1620001540427 0 0 0
com.google.android.partnersetup 0 1620079425449 0 1620054868270 1620079425445 0 0 0
com.android.carrierdefaultapp 0 0 0 1611691538713 0 0 0 0
com.dsi.ant.server 0 1619993038477 0 1619993038452 0 0 1619993038452 0
com.android.inputmethod.latin 0 1620060361699 0 1620059727630 1619993024685 0 0 0
org.lineageos.eleven 0 0 0 1604268369597 0 0 0 0
com.topjohnwu.magisk 1619912671507 0 0 1620052380011 1620066108915 0 0 0
org.lineageos.snap 1619998378827 1619998380269 0 1611691559746 0 0 0 0
com.google.android.syncadapters.calendar 0 1620043169048 0 0 1620043134021 0 0 0
com.android.managedprovisioning 0 0 0 1619993037830 0 0 0 0
com.android.smspush 0 1619993032447 0 0 0 0 0 0
org.lineageos.audiofx 0 1619993044019 0 1619998761786 0 0 0 0
com.google.android.backuptransport 0 1619869031198 0 0 0 0 1619869031222 0
com.android.settings 1620059723928 1620070768989 0 1619993046072 1620070768464 0 0 0
net.mullvad.mullvadvpn 1619993043544 1619993043853 1619997756337 0 0 0 0 0
com.google.android.apps.turbo 0 1620082084625 0 1620082084856 1620075926129 0 0 0
org.lineageos.updater 0 0 0 1619993044253 0 0 0 0
org.lineageos.lineageparts 0 1619868288895 0 1619993044020 1619993036052 0 0 0
org.lineageos.lineagesettings 0 0 0 1611691553125 1619993023162 0 1619993025168 0
com.android.vpndialogs 1619891852159 0 0 0 0 0 0 0
com.google.android.keep 1619998085895 1620061767982 0 1620059729780 1620052246306 0 0 0
com.android.email 0 1620075530452 0 1620075530809 1620075530447 0 0 0
com.android.phone 0 1619993025725 0 1619993046070 1619993025243 0 0 0
com.android.shell 0 0 0 0 1619998295516 0 0 0
com.android.providers.blockednumber 0 0 0 0 1619997753885 0 1619997754110 0
com.android.providers.userdictionary 0 0 0 0 1619997753885 0 1619997754137 0
com.android.emergency 0 0 0 0 1619993118753 0 0 0
com.android.location.fused 0 1619993025058 0 0 0 0 1619993025306 0
com.android.deskclock 0 0 0 1620032131992 1620032131988 0 0 0
com.android.systemui 1608235120290 1620082092264 0 1620060032222 1619993024704 0 0 0
com.android.exchange 0 1620075530800 0 1620059727553 1620075530797 0 0 0
com.qualcomm.qti.poweroffalarm 0 0 0 1619993031422 0 0 0 0
com.android.traceur 0 0 0 1619993038338 1619993119301 0 0 0
com.android.bluetooth 0 1611691538889 0 0 1611691536861 0 0 0
com.qualcomm.timeservice 0 0 0 1619993185695 0 0 0 0
com.android.providers.contacts 0 0 0 1611691553032 1619997753885 0 0 0
com.google.android.apps.restore 1619869031667 0 0 1619869044771 1619869031658 0 0 0
